detMC :
Min : -6.371292053607936e-14
Max : 0.011533367563617258

SVD_det :
Min : 2.4329365275802396e-18
Max : 0.10739351732548029